lastAccountName: stripcheese
timestamps:
  login: 1584324345764
  logout: 1584324739179
ipAddress: 127.0.0.1
lastlocation:
  world: world
  x: 7.0
  y: 77.0
  z: 2.0
  yaw: 0.0
  pitch: 0.0
logoutlocation:
  world: Turbulence
  x: 1084.1803134146037
  y: 52.0
  z: -70.31135614796722
  yaw: -302.10327
  pitch: -15.899474
