world: lobby
x: -198.3900513726421
y: 90.0
z: 66.21472464479106
yaw: 324.36676
pitch: 32.297775
name: parkor
lastowner: 4b3ecb8c-bc80-4ae0-89b6-2e954d940d39
